"","Month","Day","Year","ObservationSite","pH","Ecoli"
"44",1,29,2013,"North",8.8,NA
"45",2,19,2013,"North",8.7,NA
"46",2,26,2013,"North",7.9,NA
"47",3,19,2013,"North",8.6,NA
"48",3,26,2013,"North",8.7,NA
"49",5,7,2013,"North",8.4,NA
"50",5,14,2013,"North",8.5,NA
"51",8,2,2013,"North",8.1,1300
"52",8,2,2013,"North",8.1,8850
"53",8,10,2013,"North",8,1250
"54",8,16,2013,"North",8.2,1750
"55",9,3,2013,"North",7.8,NA
"56",9,19,2013,"North",7.5,1050
"57",9,24,2013,"North",7.7,2300
"58",10,17,2013,"North",8.1,2850
"59",10,25,2013,"North",7.9,500
"60",11,2,2013,"North",8.1,3000
"61",11,7,2013,"North",8.1,270
"62",11,13,2013,"North",NA,NA
"63",11,16,2013,"North",8,900
"64",11,21,2013,"North",6.9,NA
"65",12,12,2013,"North",NA,NA
"66",1,14,2014,"North",NA,NA
"67",1,16,2014,"North",NA,NA
"68",2,18,2014,"North",8.4,NA
"69",2,27,2014,"North",8.4,NA
"70",4,1,2014,"North",8.4,NA
"71",4,2,2014,"North",7.5,NA
"72",4,3,2014,"North",8.4,NA
"73",5,6,2014,"North",8.3,NA
"74",5,8,2014,"North",8.3,NA
"75",6,20,2014,"North",7.8,350
"76",7,2,2014,"North",7.5,NA
"77",7,9,2014,"North",7.6,700
"78",7,27,2014,"North",7.8,900
"79",8,7,2014,"North",7.9,4000
"80",8,21,2014,"North",7.9,NA
"81",8,22,2014,"North",7.4,800
"82",9,5,2014,"North",7.8,500
"83",9,13,2014,"North",8,100
"84",9,19,2014,"North",8.3,100
"85",9,25,2014,"North",8.2,NA
"86",10,5,2014,"North",8.2,2000
"87",10,12,2014,"North",8,1400
"88",10,19,2014,"North",7.8,100
"89",10,26,2014,"North",8.1,300
"90",10,26,2014,"North",8.1,200
"91",11,2,2014,"North",8.2,400
"92",11,2,2014,"North",8.2,500
"93",11,4,2014,"North",8.05,NA
"94",11,6,2014,"North",8.25,NA
"95",12,3,2014,"North",8.2,NA
"96",12,9,2014,"North",8.4,NA
"97",12,11,2014,"North",8.6,NA
"98",1,14,2015,"North",8.8,NA
"99",1,15,2015,"North",8.6,NA
"100",2,24,2015,"North",7.55,NA
"101",3,26,2015,"North",8.3,NA
"102",3,27,2015,"North",8.2,NA
"103",4,21,2015,"North",8.4,NA
"104",4,28,2015,"North",8.5,NA
"105",4,30,2015,"North",8.6,NA
"106",5,13,2015,"North",7.8,NA
"107",5,13,2015,"North",8.3,NA
"108",5,13,2015,"North",7.9,NA
"109",5,30,2015,"North",8.1,900
"110",7,12,2015,"North",7.9,1100
"111",9,5,2015,"North",7.6,NA
"112",9,8,2015,"North",8,NA
"113",9,9,2015,"North",NA,NA
"114",9,16,2015,"North",7.8,NA
"115",9,23,2015,"North",8,NA
"116",9,29,2015,"North",8.1,NA
"117",10,1,2015,"North",8,NA
"118",10,1,2015,"North",7.8,NA
"119",11,3,2015,"North",8,NA
"120",2,16,2016,"North",NA,NA
"121",2,18,2016,"North",NA,NA
"122",3,1,2016,"North",9.4,NA
"123",3,3,2016,"North",8.2,NA
"124",3,11,2016,"North",7.7,NA
"125",3,29,2016,"North",8.8,NA
"126",3,29,2016,"North",NA,400
"127",3,31,2016,"North",8.6,NA
"128",4,14,2016,"North",8.1,NA
"129",4,14,2016,"North",8.4,100
"130",4,21,2016,"North",8.1,1800
"131",4,26,2016,"North",8.5,300
"132",5,3,2016,"North",8.1,NA
"133",5,3,2016,"North",8.3,300
"134",5,5,2016,"North",8.1,NA
"135",5,10,2016,"North",7.6,NA
"136",5,11,2016,"North",7.8,NA
"137",5,17,2016,"North",NA,NA
"138",6,10,2016,"North",7.9,1000
"139",6,16,2016,"North",8.2,900
"140",7,9,2016,"North",8.3,NA
"141",7,21,2016,"North",NA,NA
"142",7,21,2016,"North",8.2,500
"143",8,5,2016,"North",8.4,400
"144",8,26,2016,"North",8.1,600
"145",9,2,2016,"North",8.2,NA
"146",9,6,2016,"North",8,400
"147",9,10,2016,"North",7.8,NA
"148",9,14,2016,"North",7.09,NA
"149",9,20,2016,"North",7.2,NA
"150",9,20,2016,"North",7.2,1200
"151",9,29,2016,"North",7.1,600
"152",10,1,2016,"North",7.8,NA
"153",10,11,2016,"North",7.8,NA
"154",10,12,2016,"North",7.5,NA
"155",10,13,2016,"North",8,NA
"156",11,1,2016,"North",7.59,NA
"157",11,3,2016,"North",NA,450
"158",11,10,2016,"North",7.9,NA
"159",11,15,2016,"North",8.1,NA
"160",12,2,2016,"North",8,NA
"161",12,6,2016,"North",8.2,NA
"162",1,26,2017,"North",8.1,NA
"163",1,27,2017,"North",8,NA
"164",2,15,2017,"North",8.5,NA
"165",2,16,2017,"North",8.6,NA
"166",3,28,2017,"North",8.5,NA
"167",3,31,2017,"North",8,NA
"168",4,4,2017,"North",8,NA
"169",5,3,2017,"North",7.2,NA
"170",5,3,2017,"North",7.66,NA
"171",5,9,2017,"North",NA,NA
"172",5,10,2017,"North",NA,NA
"173",5,10,2017,"North",6.8,NA
"174",5,10,2017,"North",6.8,NA
"175",5,11,2017,"North",7.4,NA
"176",5,23,2017,"North",7.8,NA
"177",9,19,2017,"North",7.8,NA
"178",9,21,2017,"North",7.9,NA
"179",10,16,2017,"North",7.9,NA
"180",10,31,2017,"North",8.3,NA
"181",11,2,2017,"North",8.1,NA
"182",11,8,2017,"North",8.1,NA
"183",12,5,2017,"North",8.4,NA
"184",12,6,2017,"North",NA,NA
"185",12,9,2014,"West",8.65,NA
"186",12,11,2014,"West",8.5,NA
"187",1,29,2013,"West",8.5,NA
"188",2,19,2013,"West",NA,NA
"189",2,26,2013,"West",7.9,NA
"190",3,26,2013,"West",9.1,NA
"191",3,29,2013,"West",8.9,NA
"192",5,14,2013,"West",8.8,NA
"193",8,2,2013,"West",7.1,8550
"194",8,10,2013,"West",7.9,950
"195",8,16,2013,"West",8.1,1550
"196",8,23,2013,"West",8,700
"197",9,3,2013,"West",8.3,NA
"198",9,5,2013,"West",8.4,NA
"199",9,27,2013,"West",8.3,1050
"200",10,17,2013,"West",8.7,1700
"201",10,25,2013,"West",8.1,350
"202",11,2,2013,"West",8.3,1550
"203",11,12,2013,"West",NA,NA
"204",11,13,2013,"West",8.8,NA
"205",11,16,2013,"West",8.5,1450
"206",11,17,2013,"West",8.3,2600
"207",12,3,2013,"West",NA,NA
"208",12,12,2013,"West",7.9,NA
"209",1,4,2014,"West",9.3,NA
"210",1,16,2014,"West",8.7,NA
"211",2,25,2014,"West",6.9,NA
"212",4,1,2014,"West",8.6,NA
"213",4,2,2014,"West",8.1,NA
"214",4,3,2014,"West",8.2,NA
"215",5,6,2014,"West",8.4,NA
"216",5,7,2014,"West",8.6,NA
"217",6,20,2014,"West",7.6,900
"218",7,2,2014,"West",8.2,NA
"219",7,9,2014,"West",8,800
"220",7,27,2014,"West",8.4,600
"221",8,7,2014,"West",7.6,9200
"222",8,21,2014,"West",5.5,NA
"223",8,22,2014,"West",7.9,500
"224",9,5,2014,"West",7.8,7400
"225",9,12,2014,"West",8.1,600
"226",9,19,2014,"West",7.7,200
"227",9,19,2014,"West",7.6,900
"228",9,25,2014,"West",8.2,NA
"229",10,5,2014,"West",8.6,1500
"230",10,12,2014,"West",8.7,1800
"231",10,19,2014,"West",8.3,200
"232",10,26,2014,"West",8.4,500
"233",11,2,2014,"West",8.1,500
"234",11,14,2014,"West",8.6,NA
"235",1,14,2015,"West",8.65,NA
"236",1,15,2015,"West",8.43,NA
"237",2,24,2015,"West",8.9,NA
"238",3,26,2015,"West",8.85,NA
"239",3,26,2015,"West",8.8,NA
"240",4,21,2015,"West",8.1,NA
"241",4,28,2015,"West",NA,NA
"242",4,30,2015,"West",8.55,NA
"243",5,30,2015,"West",8.1,1000
"244",7,12,2015,"West",8,500
"245",9,9,2015,"West",8,NA
"246",9,29,2015,"West",8,NA
"247",10,1,2015,"West",7.9,NA
"248",10,1,2015,"West",8.15,NA
"249",10,5,2015,"West",8.1,NA
"250",11,3,2015,"West",NA,NA
"251",11,5,2015,"West",8,NA
"252",12,11,2015,"West",7,NA
"253",2,16,2016,"West",8.6,NA
"254",2,18,2016,"West",NA,NA
"255",3,1,2016,"West",8.2,NA
"256",3,3,2016,"West",8.4,NA
"257",3,29,2016,"West",8.5,NA
"258",3,29,2016,"West",NA,150
"259",3,31,2016,"West",8.3,NA
"260",4,14,2016,"West",8.4,NA
"261",4,14,2016,"West",8.4,100
"262",4,21,2016,"West",8,11400
"263",4,26,2016,"West",8.2,0
"264",5,3,2016,"West",NA,NA
"265",5,3,2016,"West",8.1,200
"266",5,5,2016,"West",8.1,NA
"267",5,10,2016,"West",8,NA
"268",6,10,2016,"West",8.1,700
"269",6,16,2016,"West",8.4,400
"270",7,9,2016,"West",8.5,NA
"271",7,21,2016,"West",7.9,700
"272",8,5,2016,"West",8.2,1000
"273",8,26,2016,"West",8.2,700
"274",9,6,2016,"West",7.8,400
"275",9,14,2016,"West",6.9,NA
"276",9,15,2016,"West",NA,3600
"277",9,20,2016,"West",8.3,NA
"278",9,20,2016,"West",8.4,600
"279",9,29,2016,"West",7.1,300
"280",10,12,2016,"West",7.85,NA
"281",10,13,2016,"West",8,NA
"282",11,1,2016,"West",8,NA
"283",11,3,2016,"West",8.4,300
"284",11,10,2016,"West",8,NA
"285",11,11,2016,"West",8.1,NA
"286",12,2,2016,"West",8.3,NA
"287",12,6,2016,"West",8.27,NA
"288",1,26,2017,"West",8.2,NA
"289",1,27,2017,"West",7.95,NA
"290",2,15,2017,"West",8.7,NA
"291",2,16,2017,"West",8.9,NA
"292",3,28,2017,"West",9,NA
"293",3,31,2017,"West",7.5,NA
"294",4,4,2017,"West",8.5,NA
"295",5,9,2017,"West",6.05,NA
"296",5,10,2017,"West",NA,NA
"297",5,11,2017,"West",8,NA
"298",9,19,2017,"West",7.7,NA
"299",9,21,2017,"West",7,NA
"300",10,13,2017,"West",8,NA
"301",10,13,2017,"West",7.4,NA
"302",10,16,2017,"West",7.55,NA
"303",10,31,2017,"West",8.05,NA
"304",11,2,2017,"West",7.4,NA
"305",11,8,2017,"West",7.8,NA
"306",12,5,2017,"West",8.25,NA
"307",12,6,2017,"West",6.4,NA
